-0.0432307011283124	0.197764348094409	-0.371125426620051	-0.949778654831974	0.812135192965919	1.25000000000000
-0.219144630281396	0.240316809334520	-0.352298028787339	-0.960082720291672	0.812135192965919	1.25000000000000
-0.515603079921903	0.203371962861657	-0.347456949224414	-0.894048064227370	0.812135192965919	0.569054566557595
-0.673251942051072	0.101114077720828	-0.384516266663989	-0.682870120504954	0.812135192965919	1.25000000000000
-0.591673297788419	0.0852559063037231	-0.436539698810962	-0.710126035591898	0.812135192965919	1.25000000000000
-0.333355452293777	-0.0485574469064480	-0.373734032836872	-0.909005578604351	0.812135192965919	1.25000000000000
0.307803912472520	0.305316025078977	-0.496007726871678	-0.886070723226313	-1.35483956442483	1.25000000000000
-0.759044733461607	0.171811797794390	-0.366077055156263	-0.807626870049256	0.812135192965919	1.25000000000000
-0.697431250188773	-0.173801932104283	-0.282386022360733	-0.678770653601633	0.812135192965919	1.05358786564325
-0.860831053703584	0.689055455608272	0.0643428989900675	-0.229048054667066	0.812135192965919	0.578135172723371
0.0468156518939813	-0.223918647746225	-0.415643187751099	-0.878314975030842	0.812135192965919	1.25000000000000
-0.543821309071987	0.431437664154565	-0.109745742365871	-0.511135696176652	0.812135192965919	1.25000000000000
0.0234595985908369	-0.273024423757536	-0.395390338756868	-0.921193182911521	0.812135192965919	1.25000000000000
-0.255898809887155	-0.366763858619339	-0.389021587892348	-0.857485251305860	0.812135192965919	1.25000000000000
-0.242088989435057	0.00233580606623862	-0.250786624899769	-0.705361790271822	0.812135192965919	1.25000000000000
-0.487939393446174	0.311917086450637	-0.102771987644388	-0.357904271114689	0.812135192965919	1.25000000000000
-0.111184439434665	0.0212855201886336	-0.279608624011761	-0.631571386012048	0.812135192965919	1.25000000000000
-0.0294653657800952	0.567212210659668	-0.136294965022665	0.233526926991426	0.812135192965919	1.25000000000000
-0.384572056231042	-0.431740295567462	-0.0386077580062369	0.115528758017464	0.812135192965919	1.25000000000000
-0.00889527061728620	0.707125077383891	-0.123883011927584	0.0684402868306708	0.812135192965919	1.25000000000000
-0.227278653290990	0.803062841201206	-0.0873455067759712	-0.138195004377254	0.812135192965919	1.25000000000000
-0.193014924057853	0.331556480106431	-0.0594546366999327	-0.455959087586010	0.812135192965919	1.25000000000000
-0.523450370779333	-0.150494932980125	0.0155534579523597	-0.0901093655653297	0.812135192965919	1.25000000000000
-0.543039611736613	0.446834392187960	0.0189351411538107	-0.0898877727597448	0.812135192965919	1.25000000000000
-0.455388028340592	0.444556228854606	0.0189518217652891	0.0162551811154254	0.812135192965919	1.25000000000000
-0.0923480364504502	0.177074824431045	-0.413847546648737	-0.374191342325180	0.785513881450062	-0.833333333333333
0.362890942934826	-0.000394351367877039	-0.436133185993108	-0.404771149495897	0.796162406056405	-0.833333333333333
0.284059237413570	0.00227053688204151	-0.432039994858188	-0.416737160997482	0.716298471508834	-0.833333333333333
-0.0148778116550117	0.106714762219704	-0.397186785279375	-0.308599871872047	0.812135192965919	-0.833333333333333
0.156085957087366	0.150700930918457	-0.372416181321833	-0.454407937946916	0.796162406056405	-0.833333333333333
-0.270839191106785	-0.214707474585313	-0.387568659640095	-0.275804136645481	0.806810930662748	-0.833333333333333
0.111203281036141	-0.0837681909132569	-0.387053953663893	-0.339955253862312	0.726946996115177	-0.833333333333333
-0.0973964009598246	0.256374404885801	-0.398086816198479	-0.529527899040199	0.790838143753234	-0.833333333333333
0.128441826281066	0.107797898403588	-0.418409410854700	-0.408205837982463	0.710974209205663	-0.833333333333333
0.161989972257018	0.0694910578374088	-0.418638615234643	-0.396350622883670	0.679028635386635	-0.0911534899593666
-0.207546046893444	0.103104586060500	-0.474717660270972	-0.418288310636576	0.812135192965919	-0.833333333333333
-0.188422681214313	0.154440739482137	-0.466467940344752	-0.436348124291746	0.721622733812006	-0.833333333333333
-0.583475804035886	0.325354253725027	-0.295527430526739	-0.181959583480273	0.812135192965919	-0.833333333333333
0.0252908450602271	0.441893006630033	-0.366135728590186	-0.499280481077859	0.785513881450062	-0.833333333333333
-0.0934014699043852	0.626147994836713	-0.356788476735763	-0.402998407051218	0.812135192965919	-0.833333333333333
-0.330210562164415	0.709565544399474	-0.294164327549913	-0.312145356761406	0.769541094540548	-0.833333333333333
0.319076684141995	-0.275821151155864	-0.398150560918804	-0.394245491230614	0.812135192965919	-0.833333333333333
-0.494993900298396	0.762311155317893	-0.212936518461844	-0.376185677575444	0.774865356843719	-0.833333333333333
-0.347755752808675	0.810621873908540	-0.280589222042425	-0.306827129427368	0.812135192965919	-0.833333333333333
-0.802390930032399	0.911878703209490	-0.185498526448142	-0.00246941095649928	0.812135192965919	-0.833333333333333
0.115968297594889	0.325879152235464	-0.393155247635826	-0.381282312103897	0.812135192965919	-0.833333333333333
0.844051874179673	0.177051909489369	-0.451178865180579	-0.589911938562086	0.812135192965919	-0.833333333333333
0.703950429582939	0.0290552104956135	-0.447547011106195	-0.483215002672954	0.812135192965919	-0.140112921411369
0.953815955987888	0.0180758406100211	-0.435474214959487	-0.663702342821860	0.812135192965919	-0.833333333333333
-0.486538455799108	-0.734285127257360	-0.126506485629876	0.0418491501604820	0.812135192965919	-0.833333333333333
-1.21931471127872	0.573936860532099	-0.502489892719299	-0.580161855116350	0.812135192965919	-0.833333333333333
-0.975039802569486	0.513486476507622	-0.494672439842144	-0.670239330586614	0.0667384705219264	-0.833333333333333
-0.979447227612384	0.473166962337537	-0.496379873628361	-0.597778483160350	0.647083061567606	-0.833333333333333
-0.711911256892976	-0.597231455921064	-0.440714604757523	-0.242786808613330	0.700325684599320	-0.833333333333333
-0.0991964961940066	-0.669148149214225	-0.386060570928680	-0.385270982604425	0.812135192965919	-0.833333333333333
-0.887502326474122	0.572649104588943	-0.253475607769677	-0.462052889739595	0.796162406056405	-0.833333333333333
-0.698496663090091	-0.179923371358280	-0.353486531130410	-0.369870282616274	-0.0450710378446725	-0.302844526886811
-0.559506125506901	-0.205102323665645	-0.320589055847519	-0.135646687113028	0.476706667866122	-0.833333333333333
-1.21931471127872	0.573936860532099	-0.502489892719299	-0.580161855116350	0.812135192965919	-0.833333333333333
0.0135770154094269	-0.253607699059924	-0.371143527464331	-0.659713672321331	-0.204798906939814	-0.833333333333333
-0.975039802569486	0.513486476507622	-0.494672439842144	-0.670239330586614	0.0667384705219264	-0.833333333333333
-0.979447227612384	0.473166962337537	-0.496379873628361	-0.597778483160350	0.647083061567606	-0.833333333333333
-1.21696659322120	-0.264204279242194	-0.119871261079777	-0.887843465670993	0.513976503988322	-0.833333333333333
